0.531779152482589
0.22709018242235102
0.18591193241919513
0.6708990590831319
0.5009149540427718
0.16855415449997102
0.7388274697918624
0.7969198153743664
0.5887744176479224
0.8378724301927348
0.07954288161528478
0.1757817915743034
0.3172763411631417
0.10121170242096234
0.5582822168094664
0.7911694461725658
0.4788018359276831
0.30142284798693225
0.09452209863377758
0.14038240607747587
0.6000025863723739
0.07225465888503606
0.6635649626115279
0.9166392259884623
0.22055667599040008
0.415616384848378
0.521940343103829
0.15704921257240076
0.08157891313869103
0.5054727760708453
0.5589154471833705
0.5278410949730362
0.20894425828399377
0.8909946420358993
0.6154946755118594
0.3303351176543152
0.3940503449103083
0.6964663619471563
0.5295002881935413
0.2369849849167916
0.1560065756496393
0.989418083333043
0.4947152971500277
0.2550158018300344
0.0628518291682234
0.6271645209621578
0.6851412977270865
0.4790261708616621
0.84923558259324
0.5538093425042185
0.35009328579445853
0.30631115135624576
0.8093418603237578
0.754946424243736
0.9882429846526368
0.6863345350508925
0.2869290437991912
0.21063155546423337
0.17889500251747256
0.9721201105673009
0.737931502107237
0.9629854611507636
0.5876181008386401
0.24264003999299047
0.10262077507297729
0.5990681088861809
0.6021736442670672
0.05385230553912824
0.8277863742858249
0.6191714714872225
0.3340080385976078
0.5478927724445423
0.7483333953019066
0.8713309400366955
0.32552383447122224
0.603981589812452
0.999164318976951
0.9407587853835133
0.5624219088752613
0.23486824064368128
0.8214949992035949
0.8271180782905854
0.41384215389217016
0.7363820969385964
0.8138514058790809
0.976717222400307
0.8079157209306183
0.8745424135950931
0.38387301640852767
0.42299579767518264
0.30139715914988785
0.5659493048028932
0.6339050792286712
0.38034972053456023
0.2299742048508146
0.1461272765796937
0.8251656463931613
0.2634357522323636
0.8035801987395
0.5972042975533277
0.1951559706240707
0.7907380948754408
0.23387125183625002
0.4148047474332812
0.3321423765234839
0.9660884296771214
0.19615118882222893
0.029656149384959817
0.670979643603633
0.0010363405227527874
0.9815316126983538
0.39208980055263454
0.614796687284699
0.004041355354942988
0.5954863793798006
0.5926737377909954
0.6116833862147957
0.1357229777184199
0.3102691557264936
0.9652220591477769
0.1235636180400444
0.4153425564021814
0.6063909997324193
0.280006495451606
0.7179181444905749
0.4133843359593765
0.5746426404626324
0.8452185013230384
0.349056437255112
0.026912655142077746
0.4139625486849019
0.5482012455927313
0.6525922103572469
0.2292428822629668
0.047623926729652745
0.8549375551679161
0.6733832759913213
0.8011642995538101
0.7037410141907312
0.5650526750557492
0.8211379668750975
0.6646467631113313
0.015576704014269804
0.046253466590817284
0.8155004670448702
0.06814121229627972
0.931793325281421
0.39086840640572235
0.16681153317408914
0.06758247212894997
0.03264282975447809
0.8586955287550752
0.207925521857943
0.8250364595569359
0.3552070013901375
0.5804841425794081
0.5801005398166487
0.3739063132572156
0.16261792524270535
0.8459197067788085
0.8883096077212203
0.2705639061719658
0.7089462505416064
0.5800304830766232
0.18884747785597666
0.7067458779079272
0.276171463925444
0.24035110022920936
0.20606671898363488
0.6219067498819627
0.9467091557788481
0.06091643137170588
0.5999467607654998
0.728355082941138
0.6504526752802744
0.9148527902552368
0.0663081817670359
0.50702064160901
0.05393681152239793
0.9437890902888932
0.0029275059870941256
0.10207170270924282
0.7795615876198334
0.2498076146293368
0.7926473302873789
0.011118590626063352
0.1441488592253206
0.8218131404504663
0.22316069658806933
0.01262903190552267
0.9433557162107559
0.10770405008577894
0.8476761831496888
0.1834797735702267
0.8179582665393006
0.7015822673226568
0.05532537801779189
0.7669415744247968
0.5363850490956488
0.5317825366651661
0.5289694676639776
0.158036866118822
0.08051001393491442
0.6502739616977223
0.47118495108069547
0.5406909651813756
0.09514523298095345
0.7235471147376593
0.12189208913816496
0.2047592439269188
0.7182144929938579
0.5747513215914092
0.8642904060436161
0.6426979545188807
0.7939139553702561
0.3882618275092918
0.8832929760629188
0.6226433734682355
0.7534039102408646
0.723675081317041
0.776006028456401
0.3379798148725188
0.16607628883902678
0.11384098069167825
0.782513970028614
0.10769380940750306
0.6606984057479679
0.09895683804931887
0.7542022796044591
0.6490808191312549
0.37011515034770737
0.8334352324309078
0.18722661991727985
0.5704078481216841
0.6121906238625306
0.8318557830822287
0.7552208594717897
0.039209915177540466
0.8804564216148194
0.642345915037931
0.765761898570972
0.5671964031596595
0.9238293279516726
0.05119886323899192
0.037334503383446904
0.5219373640757625
0.18514763370098017
0.20652077540120403
0.012105748246114434
0.944051261980576
0.8570713248945815
0.11966228284786501
0.7880316080027973
0.9142415126104015
0.9957365798836839
0.2157852148315127
0.9208189977938357
0.48114918916349136
0.7455786228903767
0.37856244200802747
0.3031279835903915
0.9346142026668607
0.7922977003392495
0.601787828702906
0.2821042083757814
0.31265936510977554
0.8311034376348465
0.8153919226437139
0.8910775022474904
0.31825463232431406
0.9097775621979879
0.5038409075233912
0.628806750491823
0.6076867319505451
0.959319618211737
0.28944504690693457
0.4394651444872609
0.21677628527189108
0.7113347959143848
0.546283636649738
0.13354722265383434
0.679342642589215
0.25340559736479473
0.41029561281840454
0.8371546580928702
0.16570239655160934
0.2869975227860275
0.4321152192021171
0.7816853554433342
0.0015345707989118385
0.7125721456780101
0.38922077144677064
0.8528387602214302
0.00916158129699466
0.18460802493078185
0.33173658288521907
0.5705099306025128
0.40115065376117487
0.9370256817574396
0.6186022351400176
0.8994870399597319
0.5802801208725992
0.001348090185390331
0.6449834728276671
0.4578912034568425
0.4051590334542754
0.7013693679160646
0.81987238772226
0.5949089433229471
0.03918758610802935
0.08747725186003419
0.12297376973306043
0.6221551542155139
0.9613957423978516
0.010808772489376436
0.5102519620162773
0.031075337456486295
0.8600232667018355
0.6907251855586916
0.9599507894023014
0.9536419746283629
0.7230934520828229
0.45462297162950194
0.7902869179644838
0.9946246304028861
0.151300005008616
0.8204125608838677
0.7815413789884205
0.026075000418599226
0.7628324298941226
0.2881588992646773
0.8146326832327591
0.050311203422514175
0.23956945597159918
0.11996884014348574
0.5620817110960525
0.3935793418772516
0.9618013303049895
0.004375592370104137
0.32680500114780753
0.5649103333447065
0.48313016772767464
0.34345189378182733
0.36388953904775545
0.5074475309468249
0.7862899371549704
0.46651614522168994
0.14320654014316864
0.9925293893670877
0.9205823934691841
0.9225618714321946
0.5016974380274369
0.4800754086258702
0.5872292428898767
0.5693264441720217
0.28187821072344255
0.2736937509361379
0.39323900597930117
0.7563387973672987
0.30290631355387965
0.0939512814184682
0.2897081948561402
0.32741424154695675
0.6370858251413685
0.7474668206794497
0.8379287784729936
0.4198658591851763
0.836917216046293
0.8525651476113192
0.5742459638195163
0.09422658115147478
0.7045243411145696
0.6941226769221013
0.9287446935369827
0.24658759529058472
0.3938150618609347
0.22565613777726515
0.544543104692121
0.270643748165464
0.8604676189238377
0.7280059856269923
0.6440107371567337
0.40415146119350775
0.9976687272480496
0.6921666853653161
0.5863547212566897
0.4761445528796742
0.9188538604809915
0.4338845362077814
0.36179667301749086
0.11027458462819073
0.2199548126336066
0.8357717179763289
0.049227741876299295
0.5691635315290966
0.26336355740310124
0.4483706466350501
0.6800886779954777
0.11364184936711341
0.09425092972837512
0.38155868507025986
0.48264731895217816
0.1046060934684736
0.8114250403343675
0.45300089705764934
0.014008794017461752
0.34622581264098207
0.09134862753322659
0.9414411073584705
0.6418588962181009
0.2738823628807603
0.43667179434369974
0.52306881961434
0.9008446520726057
0.05335175629988376
0.8056449652788447
0.26963767042641007
0.9554034736254235
0.5589074500966342
0.967565762497921
0.18969907198866073
0.9702928277198634
0.9613816760740792
0.9635555568203232
0.2859422225289522
0.3196606515296907
0.04297104836619314
0.46345358285374116
0.39715067574699914
0.19473037611094246
0.4143275758015228
0.13548679720923174
0.0008323330019941455
0.0850205859661067
0.3621589441963377
0.20709850117481654
0.5543294571626002
0.652327650132073
0.6946238516584267
0.2288268409689447
0.2905426626518757
0.08833831590540363
0.8467205138026581
0.8240090173182208
0.3178057244352089
0.43439801811826684
0.5680295928207868
0.9175243042926642
0.945706812351158
0.13570855235341978
0.9256664862755917
0.6489650355174965
0.05771120741491977
0.055856260395741986
0.7076450586715947
0.03933506285210053
0.4987672726270267
0.6323051732196046
0.1207128226111666
0.0952185945253355
0.30216093888716644
0.368465888676933
0.610376946053949
0.37453227149210705
0.45039805739076644
0.31052580794788326
0.8969973177030318
0.11635872357135867
0.16999376083752749
0.302394609177824
0.6130860716723581
0.7408109400744503
0.03193728330947909
0.012403522140977695
0.5577501931257218
0.8944009685779382
0.9863365025493587
0.10986453804035823
0.3628432912747757
0.2753198460768257
0.4229511393253688
0.9116616928766632
0.4318985404097637
0.5460475129308037
0.3240678853095411
0.9317598293659768
0.43883560771819824
0.955702983540482
0.0030402302672509762
0.35936232286358516
0.9603611683232567
0.4569733701560575
0.5122504742203706
0.06575489136969082
0.6036073817926213
0.5753323379661235
0.5695553923774261
0.8298226425296458
0.4936987055860702
0.4484183613671704
0.37133841215256225
0.7733044591012135
0.33929081803121897
0.46164416080519755
0.7451772019397953
0.5640257434327931
0.30422304925233723
0.2524047224253912
0.35153016837740414
0.25734622983918554
0.8813186152839898
0.6443533659228877
0.048070913343058796
0.4039969936812786
0.7321324834388735
0.6701178626136429
0.46924838108205025
0.434432525485959
0.2289740167756814
0.7583380112655318
0.3989051477930774
0.13841612092853436
0.7051281877104028
0.6753230080253372
0.44734330650701404
0.9989903351768941
0.6362215794289332
0.2262335218824132
0.6039939481979609
0.8424684998284793
0.5255486598291501
0.005489133455329087
0.07529859577270259
0.354472063064291
0.9807799956039599
0.675521423325399
0.3461768955932858
0.7755351539294928
0.44132714311225385
0.955446181044143
0.08410345692537811
0.9056622304725623
0.9666782986387672
0.5989821409991511
0.30561167964883945
0.4116435741989519
0.9060814198067358
0.03316746998581577
0.5900938446403752
0.2014024535139758
0.022406364196332934
0.6351598197949462
0.6198471540265307
0.5784933075231341
0.33310597844932277
0.24511081599308157
0.57053524362493
0.34538433022360676
0.2552327533309606
0.47719074646851056
0.57644875609943
0.11339235990691567
0.6354487947698301
0.4629977387393447
0.9211886208782195
0.0916298651656717
0.22006402306918646
0.9672016239093582
0.7689312495069323
0.4858815798130358
0.14509243437209698
0.8953173168424581
0.35293992454144624
0.3431100600248358
0.3730315038737181
0.643210279006706
0.009357814423605504
0.42499779714699065
0.0001229339899110909
0.7802043619958262
0.1957051137960355
0.60616571423379
0.19047808584889392
0.2081274934521251
0.013905629048496237
0.4479992402497477
0.22093612088714853
0.4373516676788245
0.25693359536476457
0.8382969659237293
0.42471748899547523
0.3045952329241866
0.12656880876605836
0.3501805249995056
0.8732311190522131
0.07278268674969215
0.48392812984165373
0.3288934044372408
0.678936112827891
0.8697492004138748
0.3125771633104947
0.3584267082437762
0.5649275223248922
0.9638555808753682
0.36839868789072217
0.10220762387764519
0.7000719545967872
0.9180167419324047
0.3094022108683814
0.27299908177965526
0.22954567330134168
0.9814955222317626
0.46337485202724965
0.054472341242691166
0.7477141397489336
0.23619373961814566
0.418982333073044
0.3402054396054088
0.365893394258586
0.14856943272859802
0.4678306052425384
0.7892223072984473
0.5079529626525914
0.9404157646972549
0.814369944704286
0.7612944746494164
0.06301423755868285
0.23407818112864368
0.1922053108969184
0.39333395009960764
0.6606214551722918
0.07983472952914061
0.7803020880134488
0.5640399130695251
0.9742098049095727
0.34894554927480026
0.26460092452229955
0.9106410836232942
0.9659784751969824
0.22465536403807088
0.8983936047882579
0.18080481954427507
0.48939299344352394
0.7030264244483446
0.7005156942019705
0.8781368405612693
0.2340374393769494
0.47129027640139576
0.22485066214642235
0.5777382390793955
0.8057156604971077
0.072798461912843
0.09577220257813934
0.050472191933383745
0.5680725992978004
0.33035908866595987
0.5491566487752566
0.8384575822446703
0.6849102531880673
0.6491806566665328
0.7936064022533791
0.44992664589628917
0.9053117137632647
0.9490539696759102
0.07149966121983382
0.6416773618991647
0.3915814356867193
0.6103681336480646
0.5723166755524353
0.7291898494655296
0.706701501516468
0.18163685810679708
0.9673341446598223
0.016968647652506608
0.26817974049337945
0.7088421464150707
0.4306472687044031
0.30192774488752705
0.4756793118781232
0.9771768749881344
0.16075526301387866
0.7099398222875488
0.9095184706974688
0.4153343672848923
0.16052595968889105
0.7060635717223067
0.12357962806118845
0.15052564337591964
0.23873563448330692
0.9161220850170897
0.06320795997562594
0.6339063748355392
0.5258691182265728
0.20286677035303902
0.3751509475376571
0.6829927673593412
0.6175016910434639
0.6161483477043201
0.7072928723402506
0.06037075596226336
0.8828151815294352
0.3022041044045203
0.10255692314551412
0.06778104029008225
0.8623982080871552
0.9741613548717658
0.5569532701497732
0.4650648379041611
0.7422963975087088
0.9895332376413002
0.644207228814271
0.8137649959627495
0.0715139702780474
0.47156116000768644
0.3546769285374971
0.4166622299125184
0.8653446143940435
0.10048879613071791
0.5321032418889831
0.5796066067030561
0.5008045928167586
0.3931448872473822
0.7320509209756694
0.019001874828361798
0.8704612024691847
0.030376643801290015
0.30285914536565434
0.7786767294219261
0.7033469845901702
0.4729927221693533
0.4546494846008662
0.6642720856166247
0.563508325697716
0.41567733149103336
0.04821058446185389
0.7353390351893594
0.15169387958466138
0.20731158999761745
0.6913858147757883
0.11178232004770772
0.7317847347405566
0.8323336150067783
0.9999499876078217
0.3591106207167114
0.7167647010091038
0.17847214305963766
0.43291285060877827
0.5731908008970488
0.3803845617970396
0.11451339700145646
0.5463640729094525
0.05078709166415475
0.2685556594534464
0.9600769989406217
0.019788544216830628
0.7102773969449402
0.38442215048612804
0.3629622085007089
0.031743734147870115
0.3240840788813282
0.33855331650950293
0.14871368958477207
0.34902313275771657
0.07884366935320852
0.9477690688270213
0.8330059067673445
0.5232904006558288
0.5228377999131615
0.8216517767792492
0.1553615557505239
0.6674410995684946
0.35503343650066777
0.5194262165253076
0.8079493787229091
0.4592319225671434
0.6849631017245523
0.08446859672508444
0.47075264930342997
0.7312992050852102
0.8835297865798188
0.6378706487705106
0.6699818358097224
0.0917494370609917
0.18784841430969768
0.7556631472924276
0.10472167815182308
0.4615380993249165
0.10341441500174256
0.7195662634641671
0.9365936329502316
0.24251826067348575
0.7388415967848343
0.257085532507771
0.7433284825780988
0.22507537837223834
0.7687583436874612
0.33402767681151524
0.8710902652738289
0.6502345172579367
0.23690149589943355
0.5834150859495555
0.8114956015893031
0.4475179601395666
0.2862277934705473
0.631248668638901
0.37411074387701504
0.5432651833640263
0.03217564704087961
0.8322845471989302
0.46754116733178896
0.8957700370325784
0.07587345738476463
0.7035341284059284
0.6423317377902941
0.919818539890559
0.3226316408137171
0.9886530796695978
0.3688919356809426
0.1833039297204524
0.9355239415346952
0.33030678787180123
0.13527332744980108
0.44780935226774055
0.7481648414371682
0.8245342506531073
0.18670229704073837
0.6740739243913887
0.1887333376693403
0.4422071677425832
0.563638616190634
0.3660681306420923
0.9289138868149636
0.28534853956012635
0.07718824131885293
0.17025533836043838
0.4701868032555294
0.04253519504275727
0.10079885653801024
0.11093996064619094
0.797577909990679
0.5766213183304598
0.8730914466318035
0.82710530735294
0.03147059631034632
0.4874463058426506
0.3785033055467013
0.059070046469708704
0.25636039083841355
0.0510372316298255
0.137755282510254
0.9131013096908589
0.3689922082284067
0.01191772020549624
0.35593913837478286
0.28111055113246713
0.8972256692985232
0.8293999380785912
0.29779922077098653
0.7388226623671127
0.7403172140718284
0.3136220969073952
0.46338172681390316
0.25975282661231647
0.3068590093406815
0.8626138381526298
0.24463514307641954
0.15237086905880776
0.5302854849624993
0.08048910872402737
0.5543291208522787
0.649945048629385
0.7566510753793008
0.09653610913759351
0.49884541203180377
0.3485303757309048
0.43348889216076897
0.5228231696705223
0.45230687234718814
0.16520499572830527
0.44076739587524394
0.5184411020695099
0.7485430253067002
0.12139947799333538
0.5055769380319229
0.37569423065623253
0.6552364668480652
0.8072432082965924
0.6702020524289916
0.38720819166084797
0.9002993484506221
0.17953291333246962
0.5354664276445407
0.15951696895312484
0.36598027152347345
0.8020275628380237
0.7003620506659547
0.050496700463895317
0.7759527579973147
0.8805392557032211
0.8352728738552786
0.879135901867768
0.5781936179789917
0.48547073150462017
0.5835266569198103
0.16565660631720736
0.8669087778462039
0.1320167564885645
0.9156442375681972
0.7432061083597223
0.11841653587533552
0.3783001624495675
0.5667288244268754
0.9532753226898063
0.9359145982066481
0.8936477259180599
0.9268299962249593
0.28768751744661925
0.38731981027621476
0.5910011148613865
0.2551974289442572
0.5512551380080127
0.58040855102869
0.8370409047727783
0.3348582901325159
0.1541919929597504
0.39243737569189724
0.21435889596691146
0.04388250941347205
0.5668674622867554
0.6549918703742627
0.7831755976534029
0.96473403525056
0.6842432795600363
0.48316337215598887
0.7347772361625906
0.42722719052370445
0.2692615841066195
0.13132997701784271
0.03970177646826101
0.6639464592366435
0.008452942811269359
0.423320810193248
0.8147936478338935
0.2931728056312215
0.34982984666787575
0.7701482222689741
0.8085279593360934
0.44695730191083594
0.7156337211133017
0.8327932152915956
0.41423276933371395
0.7661080776531819
0.9075955415373129
0.10796639340338084
0.35340586491356074
0.7314861438308651
0.7570951099338983
0.05652343352569145
0.8101749729862927
0.8122721699634936
0.40285057764105225
0.8051792076125575
0.5338984954276009
0.36362356025767184
0.43850231558523944
0.296488929415315
0.4126053804694745
0.9854010566661855
0.5041476224200638
0.5378474681610068
0.4981171790920511
0.3577310070099562
0.5769871592346651
0.5045386017301976
0.5947318825037722
0.40250045942058543
0.36412900321491026
0.18560054651812474
0.5792211998823644
0.5132642503256813
0.9770977787653119
0.491371211429806
0.43572073884815987
0.8426045749947728
0.6670519551185152
0.7967276604733595
0.6821981297932819
0.10333890068296525
0.13531603930155978
0.3303560649673071
0.21775706271042036
0.8736864117851143
0.5397767008892778
0.9789078463486311
0.8709827293739412
0.5526337628089335
0.34811870395730415
0.48872583736837005
0.8610525061356189
0.06264524246286429
0.29292228936706843
0.7239672133679999
0.7629237223197589
0.25810759204705774
0.2587688228674459
0.3302457277087048
0.13545365774796986
0.8070786829722563
0.5132257028067835
0.057516948008770635
0.9053259289098623
0.2724350120008475
0.8468716516356725
0.43644574440500805
0.7053976774208329
0.7215172744581863
0.15299309051019194
0.657410695692717
0.03774600390034366
0.6846583883475559
0.9775913654435712
0.3221628576198386
0.4475715611695026
0.07350939466904366
0.5116307936541034
0.5548082515909674
0.2425563117770187
0.02506109391121014
0.13557478169293918
0.8196768925821609
0.8918740235122896
0.5601090669477469
0.883356136796617
0.9770608241637997
0.4661428926915327
0.211991497990745
0.5463426920761586
0.6045462487045995
0.07655710954290774
0.031529824778791626
0.1580335091707262
0.7205840546741183
0.3162897486727065
0.9213959575764525
0.2710103498366552
0.06440316162969086
0.468164895240198
0.26313848985046495
0.5323761761691115
0.15975441884027042
0.1458349032094574
0.9745076548158953
0.3507982115254192
0.09383243851314077
0.9521955327310687
0.45248609808484674
0.062249980756218924
0.5722298729817685
0.94625113886223
0.6615081292148677
0.7346180869349017
0.5107511779183451
0.10724817234387651
0.6556011712861961
0.6616407589426911
0.04749669216926169
0.7610880395418933
0.645494608700653
0.09822534665179572
0.8030600804200981
0.3433304778937663
0.5100528633507021
0.03594066690168824
0.522569904855806
0.722611450560845
0.14584776875797928
0.753323502473705
0.9745620881687453
0.2717857784332397
0.6403014456756608
0.06837084505085089
0.7735181700615855
0.47306211098726036
0.6069160279762549
0.6907304363544189
0.9182302173532484
0.9561025104884755
0.8222082813707796
0.6227927444630588
0.38343676347870037
0.4065853782550587
0.44574580274236586
0.9556207050590997
0.09579620830835886
0.6903717842288134
0.7647370698836458
0.35418842667171296
0.4154508619340543
0.3250899997932938
0.7434114090303185
0.8667497318828533
0.17349345308870934
0.4956663818454088
0.6280756006315187
0.36882471986044973
0.6474736264843904
0.1867743026115036
0.251862405779953
0.8436246964400987
0.7334168787058484
0.3726731967439848
0.9031014721174231
0.9501687151035407
0.6630406022052484
0.1283071769247213
0.358263686462876
0.0785289316575155
0.2474865473713367
0.17166626307764976
0.3723389749108126
