0.2273242780866116
0.17462933545563208
0.5122899266013685
0.722855508083273
0.6406588843657313
0.4939300491199239
0.37295217428070165
0.684725541672973
0.7149797185357143
0.46265507030422093
0.4809531408823098
0.6070579320542748
0.8613526640765072
0.2998894589103289
0.9199789619301919
0.01551180097637337
0.8286867475235051
0.30236463210386455
0.7207969389474231
0.6299349749693055
0.498637118393936
0.4271850743838088
0.2353235228225352
0.011937800333113424
0.5410051645664905
0.901310320311077
0.3240115221076795
0.5767426680970256
0.6959877740473006
0.0994852576396692
0.5717431649908884
0.44608182331617874
0.7670480114664631
0.6464934295884484
0.6006315411311003
0.0010351653369612647
0.14684363887177657
0.2142088123044181
0.6303008318218919
0.8496461743766224
0.2925438954998218
0.44262287882018536
0.1336407951902303
0.06987007092333442
0.5850610483826517
0.7101290020716481
0.6506463976414463
0.35194680222867714
0.11928592097760943
0.45286513780840876
0.30701550728467875
0.6274132801614649
0.9120561318817962
0.9362226005637944
0.12402589164675293
0.7689047098096029
0.5326903929507367
0.4485776201735585
0.7972743490514927
0.6623434992513668
0.8548788599901476
0.7303131305698047
0.4759757118844823
0.1799691882032434
0.5558743918999027
0.6826585078980147
0.46740761248319
0.9213793294912965
0.14148851253892314
0.5076125917150239
0.47054591232033705
0.10922623834994538
0.4995788146331545
0.10781355135100612
0.8341435559155375
0.5891161865628849
0.5189892457985793
0.09262958660729065
0.4603959090409651
0.9321698626547745
0.7844158646826965
0.1282086776386222
0.20876989168295923
0.842693999879522
0.9469579141387441
0.19642691314034066
0.5759613753541449
0.08262544988059961
0.4228667788644338
0.982620223293972
0.884346690251997
0.931898214180271
0.7104371054700658
0.4040003736974085
0.36867989805425666
0.5111491565686034
0.46871413123350425
0.7497024894788236
0.6177405946352095
0.250183776407964
0.6254623195451774
0.7965835767301244
0.4406858858476821
0.9772387827109594
0.8723065500597529
0.8350630373799355
0.7069570303176678
0.0675712483599129
0.6691159045662809
0.2521787930431474
0.24306098196823878
0.2669867360386194
0.239566979078776
0.02340941179745104
0.329269878249822
0.8144451049205167
0.8435873432236268
0.8269821797508673
0.4228993248995254
0.9300588607267746
0.7119852971083785
0.5895314099257132
0.8712710955312076
0.6031185961530681
0.8189438529935987
0.5239235266664894
0.7815021225252352
0.517857663896524
0.3395606712872081
0.13372764757129052
0.589381328699113
0.6073905108330655
0.6008975798323142
0.6698706646263834
0.03460205938057003
0.6247315409464705
0.21562696724424246
0.4055834648606224
0.4541671176769304
0.002361972826035678
0.4412582016680763
0.3273821825630352
0.61261630062364
0.8758795035639666
0.9359525259798236
0.13373141029078783
0.15890613590414243
0.6774609563432266
0.3714141819155583
0.7468802565535045
0.12872372468877266
0.012871434424633676
0.34671534648068175
0.150921993285126
0.32316040702316395
0.04723058752329079
0.1174165409861545
0.2239784140768688
0.641952079878251
0.06988425875642901
0.5709388877783813
0.28462458508449545
0.15224225444509235
0.46165772453994
0.6708526481921313
0.047923957031433366
0.5375160600911104
0.6942185845759142
0.47076037151769057
0.6993959955207879
0.6876878993148664
0.20360204017667047
0.671284732195642
0.5377535341917092
0.6400792734363496
0.9380472826052371
0.6622835475017865
0.8679877933556615
0.6016877198664714
0.37026657833642
0.6743371527350539
0.09814505533698116
0.19739927336178642
0.7764873446881901
0.3128796691963467
0.7951285868638729
0.5260294120254816
0.20164076193376435
0.7984312554683841
0.5432994844281094
0.5471483012110014
0.10380390317057049
0.5964635372043973
0.9523651577107732
0.07254699491807942
0.33077989112670836
0.9741670665360823
0.22116710880055349
0.6617931818721096
0.9017579052561634
0.9558439228844116
0.24468709853959197
0.4824726003090501
0.10315325808323705
0.15974097976706308
0.08638455427321638
0.9964979223657127
0.47388850604394706
0.36132000408878423
0.6579692638459137
0.6331607329876118
0.2343808280804918
0.08314009882958344
0.2765016618617928
0.4865943785688795
0.06720523977292761
0.14548115935621336
0.2617326625307068
0.934932201857924
0.7885886605116738
0.42593762095509624
0.5408923162979427
0.6348729423888917
0.5585900042699323
0.013532984090263997
0.372629981366448
0.3981075891841743
0.8205998166967431
0.19592659749314856
0.7827419528453398
0.6843017646877156
0.6669223914733571
0.5020576633365705
0.4278599146947415
0.37175482766420803
0.009472196347179551
0.9026154100154442
0.42841403201014594
0.047740987993457884
0.5289854686142197
0.13691419437222607
0.9459899092246062
0.40309791765388847
0.40174744279598346
0.1033979186727989
0.5141575075191175
0.8572806332918883
0.9908483823224501
0.1600389603102407
0.9078152551850374
0.44064879913046573
0.15899337869464603
0.3102133460891825
0.30596772028487
0.9082624671648967
0.08572572575877084
0.27762168877026916
0.552026083702468
0.41449117346278636
0.9236157471723825
0.8816980576032921
0.3219544143110378
0.23544782656094942
0.264477082382212
0.6343337595275993
0.13933884189099666
0.8399863910083825
0.8293086931651643
0.2310879029145266
0.309667698269107
0.9072012515317407
0.2438556454054021
0.45057666458349166
0.4760088475843762
0.9662977628986962
0.03449246228302432
0.4639624340185045
0.022102409839989345
0.49282087947148323
0.06529396725816226
0.31980853036352613
0.2817783336821255
0.01616336046947886
0.7513128596815202
0.018682879698787236
0.19445270914102664
0.7075684036573635
0.4998686330072166
0.854618284633138
0.3455116874876076
0.4994215524098391
0.301886771483473
0.8581436880450943
0.3002530825886316
0.83916596654609
0.7252533597278814
0.5470833447224925
0.3474550487092152
0.04700328698080147
0.9389588813724854
0.023450246939442355
0.9594096982208755
0.2768293063450159
0.3360201708578069
0.586176324870283
0.9928602483435025
0.059260069288492145
0.5788093969277013
0.20276857957877134
0.8586910626318025
0.3756608214810333
0.08461769352827297
0.6819634871399133
0.7038165792650557
0.7789031206676869
0.3499287053587783
0.2748506167363206
0.05317889313399027
0.1566840900131803
0.5873670850438053
0.10760623857071915
0.11696596678173728
0.9709857697529783
0.9745514127332194
0.28511334656899645
0.516520801567349
0.36849496496617995
0.45911858805827443
0.359443268230881
0.13295796997335252
0.3881240122954994
0.12164748478760057
0.911852067339445
0.3689098642315847
0.8807674166165173
0.5943796184051033
0.025634674693503542
0.8816083296234016
0.9305624153722081
0.3349809467938232
0.5563662043526288
0.5324605276564027
0.07974165183530424
0.08402670438900693
0.136685991070296
0.3996697372893887
0.6062364546719226
0.9870498101728035
0.03919127405407252
0.41167375712793025
0.9820264568250194
0.8442955411887734
0.01132020353603358
0.947477917756291
0.38936825361879024
0.6665824899227708
0.4330138132823722
0.5934795254714702
0.03364186007447856
0.7129008946807299
0.6428328147854816
0.25028168151283126
0.550751319489698
0.5415470769574092
0.9011207560940075
0.9301425092497383
0.9649804765521142
0.6267553962653267
0.1834539785855131
0.9252232281535409
0.14338208527765195
0.5738285419107889
0.020656338397008325
0.5193858146514738
0.16523988104401588
0.8656121263891061
0.1399813684856635
0.25393734039839444
0.4178148174967795
0.9389874207287113
0.7136880834071264
0.8913129695614477
0.5260447985164554
0.7366817773742416
0.3657066402621019
0.5890907578384927
0.9401816135842602
0.5628629019875657
0.3018944251184197
0.6730097001372979
0.9723807613170946
0.6826217834308161
0.5497691588841735
0.21966249684967165
0.09744884774427769
0.359942306723444
0.987058433488611
0.4640143282866587
0.9910105164055485
0.1686731063641151
0.225359686865511
0.40213092128865235
0.050139012355188806
0.3269504783789201
0.7282401601586976
0.8993172511484075
0.26847548640748053
0.8608938237220958
0.2058296329951236
0.882618256115046
0.4346555013357254
0.43897847678121565
0.4021464640561847
0.6175410508239012
0.7423008918274905
0.1678979617431131
0.8381474216439111
0.077833690007026
0.8912211414788463
0.8421475955271233
0.8857582383663816
0.2749957951273283
0.5370622493635877
0.710139637506197
0.8095164350451322
0.5573669361936278
0.03182231333927499
0.4287471770460478
0.9353271338330474
0.18959053732986897
0.3444830152004556
0.8772945560366665
0.7520282883513405
0.36722750016022476
0.5959590237822736
0.4967571556594036
0.249620764024455
0.7624201473427805
0.8200192534525843
0.5818086983106592
0.16190211381499026
0.009354896816007463
0.516979707928618
0.7984931804175932
0.5363532742770991
0.09046704564692121
0.460089352723013
0.047569244041038274
0.9462060397336489
0.6451682538353616
0.05483093961751982
0.42916588332887234
0.7953943415211504
0.3712845956908201
0.15380048445461592
0.5729984834613149
0.4856487143788603
0.4480580603513048
0.32800112018574257
0.4696818056578431
0.38106916490902615
0.3006257440153748
0.2939618951718699
0.8316175291313601
0.9278361131772703
0.048899343027223985
0.7648666752369035
0.5248997293754929
0.6378578151745022
0.09448654806169177
0.4244079723253613
0.6167971036717284
0.413220177912738
0.5209917363286509
0.2915118703535733
0.6064227741630551
0.9625513231269205
0.5706874096969903
0.10608836709121403
0.6492765001059968
0.10700964773333609
0.36472040987248544
0.3097490866656165
0.7803599014336309
0.5249929867869674
0.6281396903857421
0.2793872000250991
0.46725582104438423
0.6681569155072931
0.039415741108183064
0.8229477240649821
0.6642891042718322
0.5350585422099263
0.7150531233527783
0.5338481245130835
0.649264300637944
0.4818341589758568
0.8780550173382696
0.311948025624899
0.9000122977670499
0.10037992829932563
0.17365835235974503
0.943250365587069
0.17299275302127648
0.2111174445959674
0.18732235605909361
0.18238333955407965
0.003963029656745976
0.9846577972391635
0.38546288482027036
0.4491446106038366
0.1276324700339897
0.7373316919193147
0.5050907843066088
0.27015431365638176
0.798025435710204
0.9692488630078737
0.29720473004480646
0.6094150006949012
0.47046172414701337
0.674822912700308
0.3320666602299307
0.8586967202147868
0.7367773900192445
0.8118614827046311
0.4796849453386907
0.5821019379056428
0.8460922146198184
0.42040158093787966
0.9718300890253693
0.22394543152677948
0.35480792311017173
0.5289783908450771
0.6780547616516821
0.7363976849157876
0.6075884124797386
0.5020601865564971
0.19082321583791728
0.8975631051842324
0.11859568263551384
0.47094998770036645
0.7030699181051958
0.96652837889903
0.7374595539169464
0.9065652087339151
0.22891908037087338
0.5458383785712133
0.38631470481087704
0.19477010169183526
0.418608315604166
0.5014873608070515
0.5954183803188102
0.9076174807615942
0.3073455028028578
0.2407742695414654
0.3678477648036531
0.8045979026542491
0.8316328396164698
0.019310391512879565
0.4500318944256133
0.926852873252787
0.2040835880126419
0.9128672411960039
0.834771837633863
0.0478801613002671
0.7048024292400595
0.9983599503675468
0.13602215741769036
0.7080827634985337
0.44913569819014154
0.2753508244815286
0.8562918202013012
0.3794558848103311
0.3766376976396453
0.263906900360789
0.07969356191923291
0.2842931120693439
0.1844825265331691
0.40547114198575857
0.4240057258213643
0.30441598527200986
0.536532042435216
0.7186919126392877
0.5018138974857931
0.27316230067396874
0.6865805106237164
0.9916036509318751
0.7714946641690856
0.7514003120267521
0.4560665465170395
0.8611300807390878
0.021893771414182917
0.14091294823633774
0.20506222565517862
0.18187134899759963
0.37935752564375025
0.6184122862154346
0.10988867284792025
0.19580885506998955
0.5208583213253789
0.9524201574032872
0.6422861051502542
0.4083840900885934
0.9509318870167096
0.3215744440865309
0.6263974399896429
0.08102818654153388
0.8588684101826621
0.18196794190571844
0.5974830900278061
0.08372542316692133
0.1590993723522507
0.6086658747828027
0.8510075027139398
0.5464928186367952
0.5900345777676719
0.36200449620942005
0.3991194226088475
0.08678904488208401
0.3616415197520996
0.4093204186018986
0.6234882736866898
0.9995823189336578
0.3108255121851178
0.21547938379408915
0.6723030204616574
0.8356509289987086
0.18351548327813194
0.48705849944779955
0.8871578297310926
0.30764833446379036
0.617127223050906
0.07491977763108126
0.3159600882931865
0.16362093034730082
0.9776646710475542
0.913380312132121
0.5541974496088413
0.13254661321638606
0.586144433288187
0.7626946417278877
0.4908569250693362
0.9091498243556211
0.0005631686177102231
0.9383670080149122
0.05521994541386108
0.7887301077107101
0.30868381921470367
0.4087349860233744
0.4577979301819529
0.6646688171338175
0.6159509492605739
0.9773959021134301
0.015189715495824613
0.3189723868879847
0.6721740511376819
0.1564506982821856
0.8089865579297435
0.1650373247042059
0.3720103711452736
0.09917115145116528
0.9486313426521689
0.8883142978428207
0.32459631842335473
0.9686176526782823
0.43766044292340267
0.38520365329680706
0.6443596262668967
0.8434204543109658
0.8019605370462385
0.938752093813409
0.03771622527254494
0.46781621852567024
0.11143549739890665
0.9369872640941418
0.8602713980497533
0.4916691919826473
0.7164771234206627
0.9576125648581567
0.06756411108347593
0.34813845726324444
0.6562153328765011
0.366163264379419
0.8037221605722108
0.11425100941406963
0.3983405150206094
0.2601598673530159
0.9103573469427413
0.6811906852649936
0.6328235000140163
0.7585732245572722
0.31693044338333126
0.7394807418187643
0.8517831493592898
0.602004814828005
0.9476507925417779
0.6853055946392956
0.3280119127647494
0.8626563066224922
0.9711653389316854
0.7400425835225029
0.1406679066184105
0.49143210934294335
0.38376495040395975
0.47477681712260433
0.8946732994658869
0.024641817103310842
0.14295511829788143
0.21065920253755754
0.4443808777984677
0.38152353548864126
0.25856512842791646
0.6754523636292481
0.8860611666838596
0.5231339239497382
0.7591743316111907
0.1696478348018086
0.22907634958340983
0.894851838585646
0.13883704604122935
0.7148538200032191
0.929438045184697
0.5131534880201257
0.06986816301844878
0.776034411944742
0.9388871750709242
0.43378668283294464
0.27191215026548426
0.39623689062831646
0.4010733115291719
0.2639454377621198
0.6308014693389867
0.977875043208221
0.9731597225280492
0.16791177055666817
0.252403336502466
0.2267631965264192
0.8788505375872595
0.7982843371119916
0.9185288336654459
0.7589624012125454
0.834361295386324
0.0075172804528811366
0.45153261228579944
0.5767936527068791
0.5056570337830156
0.4660560055618783
0.6795043988221764
0.1966232262729231
0.6159510568427513
0.49824035672150124
0.828480696365359
0.44304776353309916
0.7057833405078444
0.4552921829084713
0.6909850458341873
0.9868026161741138
0.23928984489699492
0.2166128299895418
0.19536452988679853
0.07260345313740468
0.7795882739933586
0.2798079183969953
0.8746422495543134
0.5560392350730612
0.340178451501943
0.4714917883001637
0.391712790075637
0.871692562611666
0.37105218734311757
0.3338309315538383
0.23506212663944814
0.5025251372303188
0.3350657494301792
0.2196565530607304
0.8726501553114215
0.09372775354175578
0.06527212194364874
0.3933294221924608
0.5058695600019575
0.4546673110654573
0.7289960404378409
0.5430400424708888
0.9899439157004979
0.11294483675478006
0.6363640069794099
0.6184413831960978
0.8550531977784352
0.8159729685400274
0.47155282347034333
0.733584688745219
0.23630708645888276
0.6811105714554493
0.6293740614366632
0.8444191546599153
0.8368919096824317
0.9684986293225311
0.6887343172433402
0.375121432518847
0.04600306270697887
0.647995407113208
0.3280166367786588
0.7204530120396961
0.23959503414052835
0.9594391717029691
0.6257101534473821
0.20494555417374458
0.8556049845771618
0.34645820662881244
0.7389176429720324
0.5830930262250615
0.4275516140889308
0.07955890208045319
0.7060766936460945
0.38259373494345406
0.05576617619800328
0.758915777833044
0.7957932473086404
0.36035555954900705
0.6295028369585332
0.28444336896369754
0.13050534191511076
0.9400414226495588
0.5545549954543347
0.5669642162036833
0.4946564983225762
0.1794442083800113
0.2516160354374277
0.04145697527326386
0.3253856368062266
0.691535948663833
0.9776070815741708
0.10236622807622697
0.35372509000676056
0.4363459462027294
0.7344350560364934
0.8647606215334767
0.7109374951420758
0.1818234046367755
0.1912905142885506
0.8283335666751096
0.42242481357214223
0.3130290290930368
0.20186948949451922
0.7989855012148064
0.2480038473514672
0.04451063411792449
0.8460264805196474
0.3310958848932003
0.06259222631444006
0.24094027488490696
0.1875975976371307
0.199855490777753
0.5978408944966471
0.1102173425221634
0.14045752354136126
0.08994854610132075
0.7709070984304429
0.9835056329988168
0.7890477568544413
0.8218813449194571
0.7733964412388958
0.7093196551288803
0.14202327275888615
0.4691758162499655
0.40329856837193157
0.32991524054098775
0.09505520897352882
0.8690169103356287
0.8802150355700995
0.0858250270307275
0.800114032792975
0.8471400047656302
0.9778091543169314
0.3931944833961689
0.42925774067606903
0.07436064145533927
0.8662349185991294
0.3767682556086068
0.1118019164447679
0.8976610867180509
0.22197781700554398
0.4909719936705197
0.4166451413764144
0.6914983013838836
0.38804930365599083
0.26606296517393035
0.015331647331310538
0.4284936494537439
0.6815378764524194
0.6692388131471327
0.76977947132226
0.45104306303373426
0.7674864777117993
0.8508439127547541
0.9828982610718502
0.43288338731149395
0.6902039110692282
0.08772989855384407
0.305059204292462
0.3608056401857096
0.09141409800055629
0.8567057922497197
0.47720889459565874
0.850654035512858
0.23850302553819785
0.03602547065227246
0.9736220756360091
0.1322679501902373
0.7742267403560148
0.8378266290993408
0.9469407974980305
0.7377548500870275
0.4906269069128111
0.2097139391252123
0.475749839381707
0.5361342353552866
0.44421719770144413
0.42427454141378224
0.7663922255113836
0.7046827051269524
0.4590134236430814
0.7850940153763444
0.09845843663192033
0.6763135122624725
0.976852190790338
0.49701521191240094
0.5357734383089037
0.10176336511668072
0.0070480943186693335
0.8236190911618745
0.03810805809755658
0.29610394561351105
0.6955945383886959
0.24407331956258133
0.2800578696383549
0.5495403557487691
0.2776766285424672
0.6803148312257994
0.48356385553939335
0.07406010482074565
0.488519491269805
0.9303693225860887
0.8896087773462775
0.29518619789478495
0.12511868790674197
0.10314251699961888
0.1753589325514544
0.30453180820008563
0.2604885807084611
0.69882101324763
0.4909553599375473
0.8208197342826852
0.4412633571591691
0.0018723703783158907
0.8433078353832153
0.7702385193771619
0.8729677326052405
0.6040745552086351
0.9757769627518448
0.9841065825055797
0.7861112464223978
0.9821720210637706
0.1767265417329671
0.7090944117337024
0.46754142950491867
0.9069957696837603
0.05441298256783256
0.6287099116840189
0.17637696608740927
0.2514655423046208
0.0240602650008909
0.26300433659000855
0.9313992315313742
0.1489179621516182
0.9247453574003447
0.4363012695383264
0.8850172974258168
0.7297973049204618
0.14624315664420062
0.19951423259838613
0.6270758100743568
0.638723156738874
0.8366980234413943
0.9130091292085369
0.6436292204449094
0.1832500117848599
0.07599348606933876
0.9976458899195202
0.8882879522218934
0.15018197210366938
0.7658140866323463
0.4131374128859072
0.5782008510521925
0.2794085969000957
0.6721981812705229
0.48844868469511843
0.8523389431615105
0.873338396630577
0.6157920196727114
